 1.95463031e-06 2.71302390e-07 1.92595964e-06 5.70253688e-06
 4.71421689e-07 1.45108417e-06 1.39545380e-06 1.10438623e-06
 3.47387928e-06 9.41678603e-07 1.89287442e-06 2.55924084e-06
 1.77086213e-06 5.07857530e-07 7.35289530e-07 2.89572937e-08
 1.51970185e-06 3.73910743e-06 2.58898502e-06 9.55570243e-08
 1.60681303e-07 3.54153735e-06 2.16423124e-08 3.20489254e-06
 4.59476058e-06 7.04561676e-07 7.69996225e-07 4.96860373e-07
 1.42905160e-07 9.60231530e-08 7.98947602e-06 1.55497729e-06
 1.65078392e-07 3.42969485e-07 5.10587852e-07 9.58717137e-07
 1.39737547e-06 1.29143722e-06 4.17401680e-06 5.63783424e-06
 1.66983879e-06 2.41484196e-06 8.32294820e-07 3.82562911e-07
 1.43839130e-06 6.14299842e-07 3.88261543e-07 2.17388967e-06
 2.82132088e-06 5.78810738e-06 3.14859159e-06 3.49602403e-07
 2.34226624e-07 5.37227892e-06 2.98250950e-07 2.23728158e-06
 2.04487293e-06 1.42180745e-06 7.47490155e-07 2.24541378e-06
 7.66755007e-07 1.25258501e-06 5.79736730e-07 9.95085876e-07
 3.74620376e-06 4.41794611e-06 1.44814249e-06 9.90558650e-07
 1.47289171e-06 3.86869928e-06 6.60138949e-07 1.63416599e-06
 3.81518825e-06 3.22686990e-07 4.16743144e-06 2.63737112e-06
 1.79625628e-06 2.01503586e-06 1.46798897e-07 1.93357500e-06
 4.12995419e-07 4.34791985e-07 1.42826942e-06 1.76404509e-06
 2.94546602e-06 2.63774630e-06 6.86742162e-07 1.23173645e-06
 2.30975811e-07 3.38224030e-06 3.67270951e-06 4.91525825e-06
 1.57366517e-06 9.18296508e-07 1.15987821e-06 1.70702460e-07
 3.99272423e-06 7.27211177e-07 5.90329021e-07 1.25557594e-06
 6.06361300e-06 3.67299723e-06 6.16318704e-07 6.49713250e-09
 2.67948363e-10 3.04461462e-06 2.52153330e-06 2.95075979e-06
 9.12400941e-06 3.07760692e-06 3.26502379e-06 4.74206963e-07
 2.55875710e-06 1.71054845e-07 4.41729444e-06 1.94533702e-06
 2.21295844e-07 2.53172910e-06 4.56705386e-06 5.00889266e-07
 9.99473636e-07 2.18005566e-06 4.97468651e-06 5.07770002e-06
 3.64249218e-06 5.74681858e-07 1.47272254e-06 2.95568582e-07
 1.59754976e-06 2.07220195e-06 1.93886547e-07 1.89263010e-06
 1.45130414e-07 1.37103022e-06 5.53373229e-07 2.21185471e-06
 1.65329167e-06 6.31472780e-06 7.51358031e-07 1.93048637e-06
 9.18909147e-07 3.03080339e-07 8.46984739e-08 8.13379157e-06
 2.19485529e-07 6.33922027e-06 2.99145734e-07 3.62099196e-06
 7.61372855e-07 1.76730446e-06 1.81029130e-08 3.03451699e-08
 2.50013113e-06 6.43806355e-06 9.93636311e-07 7.31375476e-06
 1.70598063e-06 4.67636829e-06 1.58929322e-06 1.64435773e-06
 7.09801996e-06 2.54674650e-07 3.03183064e-06 3.50505621e-06
 1.63596816e-07 2.97590168e-07 4.48491378e-07 4.94142467e-06
 5.47913563e-06 4.65009854e-08 3.98184855e-08 2.33101291e-06
 1.53135227e-06 2.87325976e-06 4.18830655e-06 1.01896572e-05
 3.56301205e-07 1.38849176e-07 1.87768968e-06 1.87654096e-06
 3.77640652e-07 2.78800913e-06 3.85801197e-06 5.49662135e-07
 3.15336886e-07 6.99807173e-08 1.92350208e-06 5.21799498e-07
 2.14265062e-06 1.18846249e-06 1.35428377e-06 2.04397097e-06
 5.18126371e-07 6.26005431e-06 1.46562074e-06 2.35762449e-08
 2.18975450e-07 5.42673782e-06 7.43593389e-08 2.69657227e-06
 2.72531380e-06 4.86813551e-06 7.08475076e-06 1.15038011e-06
 7.53494206e-07 2.25158580e-06 2.89829569e-06 1.82714214e-06
 4.55084463e-06 7.47895469e-06 1.09448038e-06 5.71627840e-07
 1.49393656e-06 1.80718761e-06 4.46076903e-06 1.17893349e-05
 1.87205034e-07 1.69715615e-06 2.85537840e-06 1.53121596e-06
 8.36969311e-07 1.71536943e-06 6.38584831e-07 3.30509391e-07
 8.96581088e-06 1.13060452e-05 5.68005694e-06 2.45663082e-06
 9.66679426e-07 1.20442427e-06 1.29947445e-06 8.54820549e-06
 8.36760314e-07 1.72424188e-06 5.50470007e-07 1.48568669e-06
 1.22086660e-06 2.66397871e-06 2.04543596e-06 3.31748440e-07
 2.39976338e-08 1.64801939e-06 9.63559290e-07 5.24911972e-07
 3.63680695e-06 6.68661777e-06 1.35337909e-06 1.08916147e-06
 5.08573811e-07 7.48998785e-07 7.89517983e-07 6.91413146e-07
 2.45144333e-06 2.29801118e-06 1.39133448e-06 6.38654305e-07
 2.19450687e-07 9.70432525e-07 5.26936006e-06 4.02636013e-06
 2.44184776e-06 1.62260585e-06 3.46655867e-06 3.86307339e-08
 9.34716493e-06 3.96838025e-06 2.81751277e-06 1.97483847e-06
 7.97211606e-06 8.34802683e-07 1.41354556e-06 1.46277125e-06
 3.41430372e-07 1.29487391e-06 3.58356784e-06 7.08082074e-06
 5.82053124e-06 3.42288115e-06 4.17742524e-06 2.01133485e-06
 3.81663837e-08 1.90340376e-06 1.47541927e-06 3.09138277e-07
 6.29527248e-06 8.33894241e-07 4.16875078e-06 4.52391577e-07
 4.14908790e-07 7.28427843e-07 4.52661597e-06 1.67014235e-07
 9.80879210e-07 6.22994845e-07 2.78278103e-06 7.16424192e-07
 4.05424342e-07 4.21065830e-06 3.29357884e-06 4.79323086e-06
 5.14876655e-07 5.30267462e-07 1.43208151e-06 7.17451242e-08
 1.59207631e-07 1.92697736e-06 1.89798370e-07 2.68778438e-06
 1.51756257e-06 4.34908706e-06 4.67726266e-07 1.27824889e-07
 1.66897236e-06 3.25923053e-06 1.70482781e-06 2.30041694e-06
 3.04511545e-07 7.20186580e-07 1.53647830e-06 5.96767649e-06
 6.81793810e-07 9.21060021e-07 2.56605904e-06 1.43519468e-06
 1.01042156e-05 9.33098824e-07 5.91078413e-06 6.18962704e-06
 8.41460834e-07 3.84851555e-06 1.63357691e-06 2.60116095e-06
 2.10654088e-06 1.57976084e-06 1.44431575e-06 7.26410114e-07
 3.22378066e-06 4.79645310e-06 1.27072565e-08 7.83863657e-07
 1.07655558e-06 2.55016433e-06 3.01615167e-07 5.53393364e-06
 8.23860651e-07 8.52185873e-07 1.65927208e-06 2.15155233e-06
 2.12844861e-06 8.70410010e-07 7.17618230e-07 5.95841424e-07
 3.28883096e-07 4.37389825e-07 6.99904863e-07 7.46025968e-07
 9.05812877e-06 1.98961889e-06 8.24688917e-07 7.68833177e-07
 5.57421025e-07 6.08563603e-07 1.56073890e-06 1.53575820e-06
 3.14606586e-08 2.91389241e-06 2.75729373e-06 1.19497581e-06
 1.12393831e-06 7.35923387e-07 1.11119880e-06 3.10106617e-06
 3.57608777e-06 6.96509108e-07 3.48237207e-06 1.93770522e-06
 2.30097654e-06 1.34954755e-06 3.51664903e-06 7.75006942e-07
 1.15275738e-06 5.65339568e-06 3.60253009e-06 1.90120801e-06
 1.94431295e-07 1.04634138e-06 4.96868004e-07 2.22576191e-07
 8.51187722e-06 5.47813929e-06 9.40313304e-08 3.27461673e-06
 2.20945860e-06 2.53558231e-07 1.82211887e-06 2.51031753e-07
 1.30438933e-06 1.75326441e-06 5.62343754e-06 9.66179298e-08
 1.98758547e-06 1.10725617e-06 7.90696435e-07 4.94410990e-07
 3.60550315e-06 1.85835878e-06 5.26266595e-07 1.82807802e-06
 2.37560520e-06 3.00161875e-06 1.34276578e-06 2.33634404e-06
 5.26932559e-07 3.26576916e-06 3.32313065e-06 2.96018818e-06
 2.85972627e-06 3.19119011e-07 3.66564571e-06 4.35856963e-07
 1.56641482e-06 4.60885760e-07 8.35946025e-07 3.42330231e-06
 2.12246491e-06 3.11783807e-06 6.52411022e-06 3.79278912e-08
 1.11018538e-06 1.02283089e-05 8.77980715e-07 1.42463004e-06
 6.60246925e-07 1.89077629e-07 2.66075228e-06 5.14636462e-06
 1.49249716e-06 1.09538172e-06 1.34407276e-06 2.47161440e-06
 6.29356055e-06 1.69654997e-07 1.47348363e-06 2.74652242e-06
 3.25600386e-06 2.83582529e-06 8.60463325e-07 1.03052808e-06
 1.62437697e-06 5.06537663e-07 3.26804123e-06 2.91993192e-06
 6.99394496e-07 2.45503316e-07 5.81767781e-07 3.72328189e-06
 3.77459661e-06 3.21108901e-07 1.26996953e-06 2.53818025e-06
 7.41640911e-08 1.24511173e-06 4.50993148e-07 4.23948743e-06
 2.09414262e-06 1.38487037e-06 4.32982727e-07 1.66799017e-06
 6.88997387e-06 1.35077150e-06 2.50132957e-06 2.06895780e-07
 7.17756277e-07 1.00265848e-05 1.74215628e-06 2.35475561e-07
 5.14884719e-06 4.78630136e-06 4.80023731e-06 3.68942288e-07
 1.44848145e-07 1.20977785e-06 3.90575460e-06 2.99787381e-06
 2.29715064e-06 8.09861479e-08 6.87134351e-07 1.71196776e-06
 4.36756630e-07 3.94021678e-06 7.54271563e-06 8.21235126e-07
 1.57377776e-06 2.55524399e-06 1.72731620e-06 9.16927479e-06
 6.35249785e-07 3.67378096e-07 1.47155136e-06 3.60626996e-07
 6.16075255e-07 2.58708724e-06 2.28523917e-06 3.21804608e-06
 2.74327160e-06 3.77510258e-06 1.15989837e-06 2.01657291e-08
 1.54977806e-07 9.81361526e-07 4.37457396e-07 1.41950076e-06
 1.37648153e-06 1.62035127e-07 5.80411210e-06 4.91372331e-07
 1.19854571e-06 5.25382066e-06 4.04068146e-06 1.32950759e-06
 2.06970923e-06 2.88075632e-07 1.43708630e-06 1.16487556e-06
 5.24738873e-06 4.60253529e-08 2.87297038e-06 1.99568252e-06
 6.56861810e-06 1.17407248e-06 4.10452766e-07 1.24680144e-06
 1.93398381e-06 1.10544844e-07 5.13464791e-07 1.19408122e-06
 1.96364796e-06 3.25135482e-06 8.24633463e-07 7.75684553e-07
 1.15459018e-07 2.42089786e-06 5.86588996e-07 1.88464597e-06
 2.26366604e-06 4.08992841e-06 3.59406611e-07 3.47837057e-07
 3.16761130e-07 1.43123889e-06 4.53491986e-06 1.07726481e-08
 5.71608901e-06 1.00408204e-05 1.70623273e-06 7.67474213e-07
 2.34539264e-06 7.80520678e-06 3.37681957e-07 1.15498295e-06
 4.06393451e-06 2.17041259e-07 1.59584706e-06 3.39515667e-07
 2.09759719e-06 2.81204746e-07 2.49891128e-07 4.16180674e-06
 8.23734222e-07 1.60847633e-06 4.10842984e-06 4.78506163e-07
 6.14941229e-07 6.57595218e-07 1.77909571e-06 2.45331777e-06
 3.12972340e-06 2.19625475e-07 1.74742095e-06 2.07039839e-06
 9.12343050e-07 3.64151200e-07 1.99768914e-06 2.26354305e-06
 6.69596391e-06 1.10494759e-06 3.56491408e-07 8.92930444e-07
 8.56373133e-07 9.24113570e-08 4.43979418e-06 6.16933323e-06
 5.32165601e-08 3.06669516e-09 7.05035592e-06 1.83472285e-06
 1.98351868e-07 4.39908684e-06 3.93790933e-06 3.56519957e-08
 1.88468412e-06 8.57144790e-07 2.02587590e-06 2.49962692e-07
 7.63835816e-07 1.81242502e-06 1.85866452e-06 7.74732032e-07
 4.15667500e-06 2.19929457e-06 2.89380398e-06 1.28492965e-06
 6.55736270e-06 8.78027872e-07 2.27939469e-07 1.06932401e-06
 4.28365788e-07 8.06176843e-07 2.65712079e-06 4.92006243e-06
 4.33389282e-06 4.38256289e-06 1.52060565e-06 1.23571119e-06
 2.72870482e-06 2.94996327e-06 7.59739514e-07 1.76928733e-06
 8.60566883e-07 1.15792895e-06 3.47021252e-07 7.27506081e-06
 3.99207167e-06 4.94552037e-07 1.05983547e-07 2.93495596e-07
 3.96072962e-06 1.00733561e-06 3.57776631e-06 3.70824318e-06
 2.57023988e-08 3.34240444e-06 4.05762172e-06 2.29724925e-07
 1.68419390e-06 6.32339254e-07 2.62862790e-06 4.82821562e-07
 1.29526269e-06 4.81778302e-06 2.09184696e-06 7.96971191e-07
 1.32593019e-06 1.47395113e-06 2.19796579e-06 4.18898895e-06
 3.38258797e-06 1.36095940e-06 6.52485585e-07 1.23112787e-07
 3.20592536e-06 4.48432202e-07 3.66135800e-06 8.02221253e-06
 1.48192768e-06 2.81986062e-06 2.99143909e-06 4.66657014e-06
 1.42741903e-06 9.72867364e-07 1.58372554e-06 1.80170279e-06
 4.28766861e-07 1.99645222e-07 4.34959294e-06 6.34954300e-06
 1.39408267e-06 5.56250876e-07 3.02288407e-06 9.26003891e-07
 7.08712916e-07 1.27406011e-07 1.14242096e-05 1.79456652e-06
 2.58454004e-06 3.02349829e-06 3.78609656e-06 4.39186251e-07
 4.64368773e-07 1.78244285e-07 3.44630795e-06 1.18790431e-06
 4.18162534e-07 1.04674097e-07 1.95034819e-06 9.54612146e-07
 3.96889373e-07 1.51142934e-06 5.84935917e-07 1.74775629e-06
 8.00794895e-06 1.28619883e-06 2.84465606e-07 4.47577395e-06
 6.90809038e-07 6.50940801e-07 1.35983875e-07 6.58517591e-07
 7.90289744e-07 2.44816481e-06 1.64475011e-06 6.61495836e-07
 6.03421017e-06 9.20758100e-07 1.90523839e-07 7.53160938e-07
 1.45884802e-07 8.00232573e-07 1.79784142e-06 2.13712500e-08
 4.27998055e-06 9.50784111e-08 3.90208174e-06 5.14068273e-06
 4.89236454e-07 2.01272576e-06 5.70175115e-06 1.24722450e-06
 1.56388005e-06 1.25495616e-07 3.72823723e-06 1.19030813e-06
 1.40825659e-06 3.37514131e-06 1.62629917e-06 6.22626354e-07
 1.18329453e-08 1.20052539e-05 2.98446357e-07 2.10705250e-06
 1.59341121e-06 4.30954717e-06 7.28423317e-07 2.49640085e-06
 2.93147657e-07 8.51536524e-06 1.05580861e-06 3.91525456e-06
 2.15753468e-07 4.17471372e-06 5.58504306e-07 6.09908627e-06
 1.27756804e-06 3.42319216e-07 1.64024411e-06 4.66305992e-07
 4.88662824e-06 9.21757676e-06 1.62417207e-07 2.58425729e-06
 3.78386347e-06 4.03093999e-06 1.58478243e-06 2.87619317e-07
 1.80501379e-06 2.01041349e-07 2.90700961e-06 9.10078919e-07
 2.55118198e-06 1.02008270e-06 5.34457914e-06 1.48592982e-06
 2.64174408e-06 1.29974946e-06 7.60501231e-06 3.36454921e-06
 4.63363621e-07 1.88495873e-07 1.76968519e-06 2.33319473e-06
 3.81841623e-06 1.97182638e-06 3.98899492e-07 3.39495367e-07
 1.89001373e-06 3.38811896e-06 1.34510829e-07 8.46048529e-07
 8.10814117e-06 2.94434685e-06 3.89508746e-07 7.64676821e-07
 3.40094834e-06 5.83910728e-06 4.36779665e-07 3.22942459e-06
 8.45080623e-06 8.75289869e-07 1.88276082e-06 6.09219918e-08
 7.45755475e-07 1.02925065e-06 3.93178186e-07 3.82641246e-06
 5.62113020e-06 1.89699435e-07 5.65061614e-07 4.39028262e-06
 6.59884873e-07 2.75910187e-06 3.03366744e-08 8.17488320e-07
 9.28139220e-07 4.01605191e-06 1.86811424e-06 8.52467061e-07
 1.65128868e-07 7.41959514e-07 2.13837864e-06 3.26931548e-07
 3.45695056e-06 1.11509959e-06 6.26848856e-06 1.37855918e-06
 1.13051459e-07 8.28592441e-06 7.34576103e-06 3.09728174e-07
 6.84781405e-06 2.41237057e-06 7.70961943e-06 1.71195773e-06
 2.47209106e-07 3.01726829e-06 3.09642223e-06 7.30437572e-07
 3.84146819e-06 1.33383747e-06 4.45520281e-07 4.48046342e-06
 1.34294170e-06 2.59146733e-06 1.97706594e-06 5.48296716e-07
 2.29018612e-06 4.62495356e-07 1.76494310e-07 1.87533534e-06
 5.84681145e-06 1.51223294e-06 7.17237762e-07 7.96025012e-07
 3.35401317e-06 1.68832121e-06 7.26524860e-07 3.22531260e-06
 1.98106155e-06 5.19081379e-06 2.65579713e-06 2.80048531e-06
 1.99415126e-08 4.12984641e-07 2.76432301e-06 1.40947979e-06
 1.34969832e-06 6.76048277e-07 1.56453772e-07 2.34166109e-06
 1.00347335e-06 4.67782985e-06 2.73157778e-07 1.41182743e-05
 4.05301032e-07 1.22522897e-06 1.74320670e-06 7.55527525e-07
 1.85469041e-06 3.10234944e-06 2.73279654e-06 1.87727806e-06
 4.97512359e-07 5.56305793e-06 9.29910178e-07 7.00937781e-06
 4.48166450e-06 1.02933409e-06 4.35820800e-06 8.33812031e-07
 3.47210130e-06 5.71867093e-06 2.25972202e-06 1.60439162e-06
 1.93128220e-06 3.11467114e-06 1.99604048e-06 1.30398266e-07
 4.51095031e-06 6.06846328e-07 2.60835312e-07 1.73669876e-06
 4.47788397e-07 2.89242836e-06 9.26348287e-08 4.72107529e-07
 1.95465273e-06 6.40769101e-07 3.49210955e-06 5.02945674e-07
 2.70831309e-06 2.88829299e-07 3.47651582e-06 5.96181266e-06
 3.26035453e-06 1.24508223e-06 2.50882676e-09 6.34032749e-06
 9.21271412e-07 9.84984429e-07 2.81236250e-06 1.07410949e-06
 1.83991065e-06 8.38300774e-07 7.98837573e-07 2.41746217e-06
 3.29722010e-06 1.50763141e-07 1.66562567e-06 1.18065146e-07
 1.45110321e-06 3.10820475e-07 9.09514615e-07 2.22591415e-06
 3.16181907e-06 4.43334094e-06 1.54219285e-06 1.70227067e-07
 1.50887637e-06 2.92795822e-06 6.10627531e-06 3.95958427e-06
 2.31162661e-06 3.82157064e-06 1.57756907e-07 1.64348544e-06
 1.80698089e-06 1.83372023e-08 1.16885374e-06 1.34142344e-06
 2.64272820e-06 8.38142049e-07 1.44488469e-06 1.60039919e-06
 1.46278026e-06 4.88566850e-06 4.22254053e-07 1.09962917e-06
 2.98884664e-06 3.42120511e-06 4.75273602e-06 2.70165899e-06
 6.30095093e-07 6.35227423e-06 3.15046264e-07 2.13908471e-07
 1.25411777e-06 6.85525670e-07 3.19816821e-06 1.23206885e-06
 1.14381379e-06 1.58040556e-06 3.28884837e-06 7.31265210e-06
 6.95613577e-06 3.20695794e-06 2.72109906e-06 1.81228845e-06
 3.18270697e-06 2.42960195e-06 1.21547918e-05 4.16348290e-06
 4.39102985e-07 2.34741109e-06 1.39524091e-06 8.38833745e-07
 1.82395447e-07 6.65059589e-07 1.61253248e-06 1.25083175e-06
 1.41926902e-06 5.96045255e-06 1.26732890e-06 2.27161887e-06
 7.19773399e-07 3.06129160e-06 1.62922640e-06 1.41055572e-06
 8.10620120e-07 1.02671622e-06 1.84091216e-06 3.82317779e-07
